spot	Interneuron	Neuroblast	Mitral/Tufted Cells	Astrocytes	Olfactory Ensheathing cells	Pia	Oligodendrocytes	Microglia	Endothelial cells
200_200	2	2	0	1	0	0	0	0	1
200_600	2	0	0	1	0	0	0	0	0
200_1000	3	0	0	2	3	0	0	0	1
200_1400	0	0	0	0	2	1	0	1	0
200_1800	0	0	0	0	2	1	0	0	0
600_200	4	0	0	1	0	0	0	0	1
600_600	12	3	0	2	1	0	0	1	1
600_1000	0	0	0	0	8	0	0	0	0
600_1400	0	0	0	2	2	8	0	1	1
600_1800	7	0	0	1	5	1	0	0	0
1000_200	2	0	0	1	0	0	0	0	2
1000_600	8	3	0	1	0	0	0	1	0
1000_1000	6	0	0	2	5	0	0	1	2
1000_1400	0	0	0	0	5	5	0	1	0
1000_1800	3	0	0	1	1	0	0	0	0
1400_200	1	0	0	2	0	0	1	0	0
1400_600	6	4	1	5	0	0	0	1	0
1400_1000	2	0	0	1	2	0	0	2	4
1400_1400	0	0	0	0	7	2	0	1	6
1400_1800	6	2	0	2	5	0	1	0	1
1800_200	2	1	0	1	0	0	0	0	0
1800_600	2	0	6	2	0	0	1	0	1
1800_1000	8	2	0	2	0	0	0	0	3
1800_1400	1	0	0	0	0	6	0	0	2
1800_1800	4	2	0	1	1	0	0	0	2
