spot	Interneuron	Neuroblast	Mitral/Tufted Cells	Astrocytes	Olfactory Ensheathing cells	Pia	Oligodendrocytes	Microglia	Endothelial cells
200_600	3	0	0	0	0	0	0	0	1
200_1000	4	2	0	2	0	0	1	0	0
200_1400	2	2	0	1	0	0	0	0	1
600_200	4	1	0	1	0	0	0	0	0
600_600	13	9	0	2	0	0	0	1	1
600_1000	14	7	0	1	0	0	0	0	0
600_1400	19	8	0	1	0	0	0	1	0
600_1800	5	1	0	1	0	0	0	0	0
1000_200	2	4	0	2	0	0	0	0	0
1000_600	18	4	0	3	0	0	0	0	0
1000_1000	16	5	0	3	0	0	0	0	0
1000_1400	14	7	0	1	0	0	0	0	0
1000_1800	7	1	0	0	0	0	0	1	0
1400_200	0	5	0	1	0	0	0	0	0
1400_600	11	10	0	4	0	0	0	0	0
1400_1000	9	9	0	1	0	0	0	0	0
1400_1400	11	6	0	2	0	0	0	2	2
1400_1800	11	1	0	0	0	0	0	0	0
1800_600	3	4	0	0	0	0	0	0	0
1800_1000	2	0	0	1	0	0	1	0	1
1800_1400	6	1	0	2	0	0	0	0	0
1800_1800	1	1	0	0	0	0	0	0	0
