spot	Interneuron	Neuroblast	Mitral/Tufted Cells	Astrocytes	Olfactory Ensheathing cells	Pia	Oligodendrocytes	Microglia	Endothelial cells
200_200	1	0	0	0	0	0	0	0	0
200_600	7	3	0	0	0	0	0	0	0
200_1000	7	2	0	0	0	0	0	0	0
200_1400	5	2	0	2	0	0	0	0	0
200_1800	4	0	0	0	0	0	0	0	0
600_200	13	2	0	0	0	0	0	0	0
600_600	11	9	0	0	0	0	0	0	0
600_1000	13	8	0	2	0	0	0	1	0
600_1400	13	4	0	1	0	0	0	0	1
600_1800	4	4	0	0	0	0	0	1	0
1000_200	3	2	0	1	0	0	0	0	0
1000_600	12	9	0	1	0	0	0	0	0
1000_1000	19	5	0	1	0	0	0	0	0
1000_1400	18	2	0	2	0	0	0	0	2
1000_1800	7	1	0	4	0	0	0	0	0
1400_200	1	2	0	1	0	0	0	0	0
1400_600	19	2	0	0	0	0	0	0	0
1400_1000	15	6	0	1	0	0	0	0	1
1400_1400	11	6	0	3	0	0	0	0	0
1400_1800	9	1	0	4	0	0	0	0	0
1800_200	2	0	0	0	0	0	0	0	0
1800_600	4	3	0	0	0	0	0	0	1
1800_1000	5	2	0	0	0	0	0	0	1
1800_1400	6	3	0	3	0	0	0	0	0
1800_1800	1	1	0	0	0	0	0	0	0
